"0001        "      12.000       1.000       0.000       0.000
       1.000
"0001        "      16.000      13.000       4.000      16.000
       1.000
"0001        "      18.000      34.000       6.000      36.000
       1.000
"0001        "      20.000      47.000       8.000      64.000
       1.000
"0001        "      22.000      90.000      10.000     100.000
       1.000
"0001        "      24.000     139.000      12.000     144.000
       1.000
"0001        "      26.000     205.000      14.000     196.000
       1.000
"0002        "      12.000       1.000       0.000       0.000
       2.000
"0002        "      14.000       6.000       2.000       4.000
       2.000
"0002        "      16.000      46.000       4.000      16.000
       2.000
"0002        "      18.000     133.000       6.000      36.000
       2.000
"0002        "      20.000     188.000       8.000      64.000
       2.000
"0002        "      22.000     355.000      10.000     100.000
       2.000
"0002        "      24.000     449.000      12.000     144.000
       2.000
"0002        "      26.000     505.000      14.000     196.000
       2.000
"0003        "      12.000       1.000       0.000       0.000
       3.000
"0003        "      16.000      10.000       4.000      16.000
       3.000
"0003        "      18.000      26.000       6.000      36.000
       3.000
"0003        "      20.000      43.000       8.000      64.000
       3.000
"0003        "      22.000      77.000      10.000     100.000
       3.000
"0003        "      24.000     142.000      12.000     144.000
       3.000
"0003        "      26.000     224.000      14.000     196.000
       3.000
"0004        "      12.000       1.000       0.000       0.000
       4.000
"0004        "      16.000      37.000       4.000      16.000
       4.000
"0004        "      18.000     109.000       6.000      36.000
       4.000
"0004        "      20.000     276.000       8.000      64.000
       4.000
"0004        "      22.000     469.000      10.000     100.000
       4.000
"0004        "      24.000     579.000      12.000     144.000
       4.000
"0004        "      26.000     683.000      14.000     196.000
       4.000
"0005        "      12.000       1.000       0.000       0.000
       5.000
"0005        "      14.000       5.000       2.000       4.000
       5.000
"0005        "      16.000       7.000       4.000      16.000
       5.000
"0005        "      18.000      47.000       6.000      36.000
       5.000
"0005        "      20.000     100.000       8.000      64.000
       5.000
"0005        "      22.000     217.000      10.000     100.000
       5.000
"0005        "      24.000     317.000      12.000     144.000
       5.000
"0005        "      26.000     425.000      14.000     196.000
       5.000
"0006        "      12.000       1.000       0.000       0.000
       6.000
"0006        "      16.000       9.000       4.000      16.000
       6.000
"0006        "      18.000      11.000       6.000      36.000
       6.000
"0006        "      20.000      19.000       8.000      64.000
       6.000
"0006        "      22.000      41.000      10.000     100.000
       6.000
"0006        "      24.000      78.000      12.000     144.000
       6.000
"0006        "      26.000     209.000      14.000     196.000
       6.000
"0007        "      12.000       1.000       0.000       0.000
       7.000
"0007        "      16.000      44.000       4.000      16.000
       7.000
"0007        "      18.000     118.000       6.000      36.000
       7.000
"0007        "      20.000     272.000       8.000      64.000
       7.000
"0007        "      22.000     463.000      10.000     100.000
       7.000
"0007        "      24.000     577.000      12.000     144.000
       7.000
"0007        "      26.000     785.000      14.000     196.000
       7.000
"0008        "      12.000       1.000       0.000       0.000
       8.000
"0008        "      16.000      36.000       4.000      16.000
       8.000
"0008        "      18.000      80.000       6.000      36.000
       8.000
"0008        "      20.000     245.000       8.000      64.000
       8.000
"0008        "      22.000     313.000      10.000     100.000
       8.000
"0008        "      24.000     491.000      12.000     144.000
       8.000
"0008        "      26.000     579.000      14.000     196.000
       8.000
"0009        "      12.000       1.000       0.000       0.000
       9.000
"0009        "      14.000       4.000       2.000       4.000
       9.000
"0009        "      16.000      50.000       4.000      16.000
       9.000
"0009        "      18.000     185.000       6.000      36.000
       9.000
"0009        "      20.000     309.000       8.000      64.000
       9.000
"0009        "      22.000     426.000      10.000     100.000
       9.000
"0009        "      24.000     595.000      12.000     144.000
       9.000
"0009        "      26.000     706.000      14.000     196.000
       9.000
"0010        "      12.000       1.000       0.000       0.000
      10.000
"0010        "      14.000       5.000       2.000       4.000
      10.000
"0010        "      16.000      22.000       4.000      16.000
      10.000
"0010        "      18.000     120.000       6.000      36.000
      10.000
"0010        "      20.000     311.000       8.000      64.000
      10.000
"0010        "      22.000     465.000      10.000     100.000
      10.000
"0010        "      24.000     604.000      12.000     144.000
      10.000
"0010        "      26.000     715.000      14.000     196.000
      10.000
"0011        "      12.000       1.000       0.000       0.000
      11.000
"0011        "      14.000       1.000       2.000       4.000
      11.000
"0011        "      16.000       6.000       4.000      16.000
      11.000
"0011        "      18.000      14.000       6.000      36.000
      11.000
"0011        "      20.000      55.000       8.000      64.000
      11.000
"0011        "      22.000      93.000      10.000     100.000
      11.000
"0011        "      24.000     137.000      12.000     144.000
      11.000
"0011        "      26.000     185.000      14.000     196.000
      11.000
"0012        "      12.000       1.000       0.000       0.000
      12.000
"0012        "      16.000      14.000       4.000      16.000
      12.000
"0012        "      20.000     136.000       8.000      64.000
      12.000
"0012        "      24.000     350.000      12.000     144.000
      12.000
"0013        "      12.000       1.000       0.000       0.000
      13.000
"0013        "      16.000       9.000       4.000      16.000
      13.000
"0013        "      20.000      51.000       8.000      64.000
      13.000
"0013        "      24.000     149.000      12.000     144.000
      13.000
"0014        "      12.000       1.000       0.000       0.000
      14.000
"0014        "      16.000       7.000       4.000      16.000
      14.000
"0014        "      20.000       9.000       8.000      64.000
      14.000
"0014        "      24.000      56.000      12.000     144.000
      14.000
"0015        "      12.000       1.000       0.000       0.000
      15.000
"0015        "      16.000      36.000       4.000      16.000
      15.000
"0015        "      20.000      98.000       8.000      64.000
      15.000
"0015        "      24.000     188.000      12.000     144.000
      15.000
"0016        "      12.000       1.000       0.000       0.000
      16.000
"0016        "      16.000      19.000       4.000      16.000
      16.000
"0016        "      20.000      95.000       8.000      64.000
      16.000
"0016        "      24.000     172.000      12.000     144.000
      16.000
"0017        "      12.000       1.000       0.000       0.000
      17.000
"0017        "      16.000      17.000       4.000      16.000
      17.000
"0017        "      20.000      75.000       8.000      64.000
      17.000
"0017        "      24.000     240.000      12.000     144.000
      17.000
"0018        "      12.000       1.000       0.000       0.000
      18.000
"0018        "      16.000      14.000       4.000      16.000
      18.000
"0018        "      20.000      65.000       8.000      64.000
      18.000
"0018        "      24.000     292.000      12.000     144.000
      18.000
"0019        "      12.000       1.000       0.000       0.000
      19.000
"0019        "      16.000      12.000       4.000      16.000
      19.000
"0019        "      20.000      49.000       8.000      64.000
      19.000
"0019        "      24.000      99.000      12.000     144.000
      19.000
"0020        "      12.000       1.000       0.000       0.000
      20.000
"0020        "      16.000      10.000       4.000      16.000
      20.000
"0020        "      20.000      68.000       8.000      64.000
      20.000
"0020        "      24.000     142.000      12.000     144.000
      20.000
"0021        "      12.000       1.000       0.000       0.000
      21.000
"0021        "      16.000      26.000       4.000      16.000
      21.000
"0021        "      20.000      66.000       8.000      64.000
      21.000
"0021        "      24.000     265.000      12.000     144.000
      21.000
"0022        "      12.000       1.000       0.000       0.000
      22.000
"0022        "      16.000      29.000       4.000      16.000
      22.000
"0022        "      20.000     173.000       8.000      64.000
      22.000
"0022        "      24.000     329.000      12.000     144.000
      22.000
